0x7e09fe61e54d51560cc0a2fa36574d9f2034b125 - 732, 702, 1094, 1005
0x8ca010fff56976cec6ebaf66a5f3f6812236aa8e - 1745, 375, 169, 1324, 1493, 1978, 2424, 2150, 2148, 1017
0x8ca010fff56976cec6ebaf66a5f3f6812236aa8e - 516, 1287, 1350, 1940, 35, 1425, 2354, 76, 1384, 1774
0x8ca010fff56976cec6ebaf66a5f3f6812236aa8e - 1475, 1569, 1597, 2246, 444, 725, 975, 1917, 1638, 21
0x8ca010fff56976cec6ebaf66a5f3f6812236aa8e - 2382, 1585, 511, 4980, 8989, 1029, 2788, 3321, 3767, 4787
0x8ca010fff56976cec6ebaf66a5f3f6812236aa8e - 4955, 5898, 7065, 9516, 10071, 8397
0x1302e7f449339b711edec50f80dc65610519f407 - 710, 1433, 858, 952, 2185, 183, 2310, 2122, 1222, 289
0x1302e7f449339b711edec50f80dc65610519f407 - 390, 329, 388, 2090, 1812, 1460, 1823, 2406, 1309, 1755
0x1302e7f449339b711edec50f80dc65610519f407 - 2073, 2297, 744, 2218
0xb266fe1113cff11dce60533134312690e4788b6a - 1011, 1278, 823, 16, 1441, 1166, 1819, 9481, 10590, 10223
0xb266fe1113cff11dce60533134312690e4788b6a - 494, 4225, 4294, 7315, 4853, 4553, 9300, 7966, 7817, 3546
0xb266fe1113cff11dce60533134312690e4788b6a - 3141, 2305, 930, 9322, 5217, 7570, 5768, 9678
0x2e86687784ea2cd157005f5b200bdae6b20be313 - 573, 474, 640, 1, 704, 342, 1236, 768, 1471, 769
0x2e86687784ea2cd157005f5b200bdae6b20be313 - 811, 825, 889, 919, 943, 1091, 1138, 1161, 1164, 1171
0x2e86687784ea2cd157005f5b200bdae6b20be313 - 1228, 1513, 1231, 1270, 1404, 1519, 1596, 1655, 1678, 152
0x2e86687784ea2cd157005f5b200bdae6b20be313 - 1817, 1885, 2058, 2182, 2255, 2308, 2391, 91, 213, 137
0x2e86687784ea2cd157005f5b200bdae6b20be313 - 2462, 1078, 502
0xe064c56263ed95dc14f008c490104f1ee7e9d2c1 - 1554, 1368, 2059, 2643, 5939, 70, 2485
0x474f86afb43a17cefcaf37576c4cbb11df9bdcb2 - 2194, 1938, 1538, 1363, 1241, 1213, 1103, 1059, 587, 572
0x474f86afb43a17cefcaf37576c4cbb11df9bdcb2 - 477, 394
0x4f8849a4e561c2fb2045cffe84f440140d786610 - 85, 1136, 517, 5826
0x52904ad47ec751e1a9f87de4d286761dd85a7f76 - 1844, 111, 657, 2206, 2431, 499, 7455, 7580, 85
0x60c5c003ffaee8dea12afbbda7481d5cbd5cc382 - 584, 577, 447, 549, 642, 674, 767, 775, 785, 809
0x60c5c003ffaee8dea12afbbda7481d5cbd5cc382 - 847, 1392, 1429, 1462, 1607, 1639, 1696, 1813, 1854, 1867
0x60c5c003ffaee8dea12afbbda7481d5cbd5cc382 - 1898, 1901, 1993, 2174, 2259, 2269, 2273, 2352, 2362, 1030
0x60c5c003ffaee8dea12afbbda7481d5cbd5cc382 - 287, 336, 467, 478, 883, 1053, 1087, 1156, 1206, 1208
0x60c5c003ffaee8dea12afbbda7481d5cbd5cc382 - 10, 47, 90, 108, 238, 1331, 2423
0x56c6f09f68e2cb6d0bdc3a7349e82c84b059d277 - 2435, 1803, 514
0xf88d5fde8ea2a54c1b88dd1f279f050db7b5d138 - 978, 2101, 1699, 645, 2678, 774, 131, 91, 161, 2491
0xf88d5fde8ea2a54c1b88dd1f279f050db7b5d138 - 3073, 9518
0xffff1ce377f1c3c428b9054d1fc8bab3d9eb0cf0 - 290, 504
0xc0faf6c468e281ecd878fdbb98bf66532776f807 - 546, 689, 817, 1292, 1681, 1864, 1989, 2254, 2390, 2399
0xc0faf6c468e281ecd878fdbb98bf66532776f807 - 45, 352, 465, 683, 892, 291, 1284, 1760, 343, 1634
0xc0faf6c468e281ecd878fdbb98bf66532776f807 - 590, 610, 1488, 1840, 2198, 2247, 2251, 311, 505, 536
0xc0faf6c468e281ecd878fdbb98bf66532776f807 - 10753, 10307, 10111, 9626, 9383, 9211, 9043, 8812, 4718, 8586
0xc0faf6c468e281ecd878fdbb98bf66532776f807 - 8515, 8441, 6059, 6120, 6418, 6345, 5391, 5326, 5312, 5079
0xc0faf6c468e281ecd878fdbb98bf66532776f807 - 652, 2646, 3618, 2605, 2358, 1117, 5646, 9662, 9313, 7404
0xc0faf6c468e281ecd878fdbb98bf66532776f807 - 6331, 1942, 3799, 5840, 3927, 6271, 1667, 3055, 4722, 4868
0xc0faf6c468e281ecd878fdbb98bf66532776f807 - 5176, 328, 2483, 175, 287, 9172, 5974, 1553, 5757, 7933
0xc0faf6c468e281ecd878fdbb98bf66532776f807 - 2882, 202, 178, 7502, 6676, 1657, 2383, 449
0xfbf40842b8cf2496547e0e9207772513ac5f151f - 288, 556, 595, 687, 739, 740, 783, 790, 860, 1039
0xfbf40842b8cf2496547e0e9207772513ac5f151f - 1118, 1207, 1470, 1546, 1662, 1945, 1986, 2036, 2110, 2151
0xfbf40842b8cf2496547e0e9207772513ac5f151f - 2186, 80, 95, 115, 166, 2464, 7987, 6286, 6887, 4406
0xfbf40842b8cf2496547e0e9207772513ac5f151f - 3044, 3, 5413
0x5ecf130e55062db1a2e4eef7849bcd4e40288c81 - 458, 1082, 1224, 1403, 1619, 1720, 2413, 37, 2410, 2234
0x5ecf130e55062db1a2e4eef7849bcd4e40288c81 - 344, 8935, 4146, 496
0xc1ac3aca96f92de4e819a0780e879d61f9e549a7 - 834, 10413, 6928, 531
0x86758fe743e4151c5f52ac990bf80213eff2bf1e - 1056, 307, 1421, 912, 1692, 561, 1367, 448, 186, 187
0x86758fe743e4151c5f52ac990bf80213eff2bf1e - 855, 146, 776, 852, 1128, 1176, 1511, 1700, 2321, 101
0x5973bf00521377cfa4e22dc51e8f7f733e8ef7a6 - 1792, 311, 1508, 559, 362, 376, 407, 436, 451, 485
0x5973bf00521377cfa4e22dc51e8f7f733e8ef7a6 - 711, 743, 1232, 1668, 1670, 1876, 1921, 1925, 949, 1926
0x5973bf00521377cfa4e22dc51e8f7f733e8ef7a6 - 2082, 2250, 75, 2251, 1007, 4600, 1228, 1714, 1436, 1535
0x5973bf00521377cfa4e22dc51e8f7f733e8ef7a6 - 1964, 2712, 2829, 3344, 3899, 4567, 4628, 4659, 3276, 3280
0x5973bf00521377cfa4e22dc51e8f7f733e8ef7a6 - 9365, 7206, 10524, 10781, 10166, 9926, 8810, 8548, 830, 3159
0x5973bf00521377cfa4e22dc51e8f7f733e8ef7a6 - 4505, 5725, 8311, 493, 567, 1452, 10527, 9373, 1212, 863
0x5973bf00521377cfa4e22dc51e8f7f733e8ef7a6 - 1578, 1834, 2369, 1009, 3726, 4786, 114, 9053, 5216, 2295
0x5973bf00521377cfa4e22dc51e8f7f733e8ef7a6 - 6079, 6652, 6400, 6752, 7070, 7850, 8498, 9083, 1369, 8575
0x5973bf00521377cfa4e22dc51e8f7f733e8ef7a6 - 5792, 152, 168, 4699, 6553, 8624, 530, 542, 962, 6030
0x5973bf00521377cfa4e22dc51e8f7f733e8ef7a6 - 343, 293, 336, 212, 428, 2473, 2466, 68, 6222, 4322
0x5973bf00521377cfa4e22dc51e8f7f733e8ef7a6 - 504, 5881, 268, 290
0x70ead81b5b5b2b7af352c48f598bb4ce41a25093 - 1326, 588, 526
0x6c1f66ec9e5a844a60cbcdfad8379e071c04cb82 - 310
0x56fc3795f8fefa60b4ec9edd8e5f463b89cde378 - 512, 439, 634, 2205, 1341, 2286, 742, 1282, 497, 529
0x56fc3795f8fefa60b4ec9edd8e5f463b89cde378 - 2220, 3868, 10064, 9334, 9260, 8651, 8005, 7734, 7519, 3964
0x56fc3795f8fefa60b4ec9edd8e5f463b89cde378 - 3946
0xa59a77af24739b0e832294aabd3954670829de41 - 321, 379, 408, 410, 541, 564, 605, 755, 778, 891
0xa59a77af24739b0e832294aabd3954670829de41 - 964, 1027, 1098, 1246, 1255, 1375, 1503, 1585, 1959, 2270
0xa59a77af24739b0e832294aabd3954670829de41 - 28, 156, 235, 754, 871, 917, 938, 1163, 1174, 1478
0xa59a77af24739b0e832294aabd3954670829de41 - 1774, 35, 76, 519, 7642, 9557, 281, 549, 582, 702
0xa59a77af24739b0e832294aabd3954670829de41 - 821, 823, 858, 862, 1061, 1494, 1617, 1665, 1910, 1960
0xa59a77af24739b0e832294aabd3954670829de41 - 2044, 2215, 2329, 3147, 2986, 3354, 3414, 3764, 10729, 10185
0xa59a77af24739b0e832294aabd3954670829de41 - 6386, 6300, 10684, 7931, 5308, 9680, 518, 569, 10757, 5446
0xa59a77af24739b0e832294aabd3954670829de41 - 8295, 7717, 548, 9010, 261, 7557, 4195, 10058, 4691, 4896
0xa59a77af24739b0e832294aabd3954670829de41 - 6592, 10368, 9176, 9225, 5191, 5628, 6053, 6865, 7144, 6501
0xa59a77af24739b0e832294aabd3954670829de41 - 9632, 6643, 5206, 2316, 9932, 6687, 8628, 8769, 8785, 7396
0xa59a77af24739b0e832294aabd3954670829de41 - 3840, 4575, 6891
0x51ebd73c2b0a717e463df30234b3475bae32ef45 - 1045
0x55fde8e038195411f091f50b87ac20ba95ad41a7 - 2316
0x0a56b931644b6e9696203ae677f188ef40c3d8c3 - 1060
0x01b4270911798d43c053a0ae7f8c98d1a28718d6 - 191, 295, 1741, 2417, 2080, 801, 1762, 525, 9205, 2000
0x01b4270911798d43c053a0ae7f8c98d1a28718d6 - 5080, 5851, 6147, 5578, 9554, 5365, 6864, 8650, 10831, 10660
0xace1f0c05ea0efd531e91b3fc55b5c0090c61088 - 1316, 346, 10158, 60, 2245, 219, 547, 10202
0x0124b3ef01938106bbe79f04462d6944d78b6ae2 - 234, 2207, 1371, 331, 815, 1651, 526, 423, 845, 1200
0x0124b3ef01938106bbe79f04462d6944d78b6ae2 - 1962, 1621, 2108, 1476, 1928, 125, 646, 927, 965, 1120
0x0124b3ef01938106bbe79f04462d6944d78b6ae2 - 1364, 1455, 1485, 1615, 1780, 2059, 2165, 2201, 180, 3801
0x0124b3ef01938106bbe79f04462d6944d78b6ae2 - 5033, 516, 581, 487, 680, 749, 1377, 2808, 4158, 4345
0x0124b3ef01938106bbe79f04462d6944d78b6ae2 - 4753, 5181, 5593, 6423, 6934, 7253, 7627, 7867, 7911, 9089
0x0124b3ef01938106bbe79f04462d6944d78b6ae2 - 9178, 9458, 9562, 9574, 9958, 9987, 10614, 10694, 5420, 4967
0x0124b3ef01938106bbe79f04462d6944d78b6ae2 - 571, 590, 2031, 6304, 8229, 8334, 434, 909, 3652
0x1fca8089c204551f83c38a0671c326f542210199 - 449
0xd5353de54baa6eafb7b814fdeafc04594082a57b - 2356, 2882, 7933, 1553, 5757, 9172, 5974
0x5604dad3ef9f0fe78699921a9f8ec0a4bea5ebe0 - 2115, 723, 216
0x1b6c502f9400f6619657d45f9686ea1991436c6c - 434, 2201
0xd8106418afaa5521e553daa55574d474e930ea02 - 909
0x72ca00db7057c54b11a067767e41cd04471173b2 - 2131, 1072, 1420, 1778, 445, 859, 8656, 4704, 354, 444
0x72ca00db7057c54b11a067767e41cd04471173b2 - 27, 414, 76, 31, 295, 273, 6, 132, 234, 245
0x80ade958bb7d891c82edae1630949e80ddc70a36 - 329, 367, 453, 509, 518, 695, 826, 929, 951, 974
0x80ade958bb7d891c82edae1630949e80ddc70a36 - 977, 1089, 1308, 1303, 1671, 1979
0x8446117bf01fbd24996f2223f50036d1b0e7663c - 1589, 2045, 1687, 1185, 1319, 1805, 2085, 90, 214, 160
0x8446117bf01fbd24996f2223f50036d1b0e7663c - 375, 403, 265, 286, 182, 127, 201, 107, 154
0xa1f0b62361c0c45d9129445a5bb9832409406af7 - 1801, 2421
0x7decb0322eccbf671b59ba87c51966c33c057bdf - 265, 412, 877, 1629, 215, 1561, 1559, 797, 900, 658
0x7decb0322eccbf671b59ba87c51966c33c057bdf - 1803, 193, 2389, 2335, 2256, 1695, 1622, 1606, 1500, 1378
0x7decb0322eccbf671b59ba87c51966c33c057bdf - 1227, 1050, 843, 371, 2274, 1315, 1510, 1057
0x456480c55c72d5281987b712e4856a6b1cb9bf42 - 552, 1947, 196, 757, 1262, 1295, 1360, 1436, 1464, 1949
0x456480c55c72d5281987b712e4856a6b1cb9bf42 - 2253, 34, 7658
0x54e24ca5423bedabb832e462222d67ed8dce70de - 313, 351, 380, 398, 442, 487, 499, 523, 565, 570
0x54e24ca5423bedabb832e462222d67ed8dce70de - 617, 628, 652, 693, 733, 760, 923, 999, 1007, 1049
0x54e24ca5423bedabb832e462222d67ed8dce70de - 1147, 1229, 1247, 1332, 1348, 1537, 1542, 1555, 1595, 1642
0x54e24ca5423bedabb832e462222d67ed8dce70de - 1711, 1738, 1870, 1924, 1931, 1956, 2030, 2107, 27, 112
0x54e24ca5423bedabb832e462222d67ed8dce70de - 174, 181, 212, 219, 277, 298, 335, 339, 417, 435
0x54e24ca5423bedabb832e462222d67ed8dce70de - 481, 500, 731, 802, 835, 940, 1162, 1347, 1491, 1594
0x54e24ca5423bedabb832e462222d67ed8dce70de - 1673, 1826, 1897, 2008, 2208, 2309, 2320, 2355, 2384, 39
0x54e24ca5423bedabb832e462222d67ed8dce70de - 64, 81, 190, 300, 936, 4769, 4945, 5508, 5854, 7387
0x54e24ca5423bedabb832e462222d67ed8dce70de - 7856, 9792, 540
0x4c446a2c63e36a1ba09235855527fcc89df447df - 358, 402, 1935, 1953, 2221, 2317, 61, 2349, 2081, 498
0x4c446a2c63e36a1ba09235855527fcc89df447df - 1080, 1208, 1235, 1864, 4558, 7762, 7956, 9940
0x0c41271c14570ab79d05802c4ebedd42ba49b112 - 922, 1767, 806, 1158, 1205, 720, 308, 431, 675, 378
0x0c41271c14570ab79d05802c4ebedd42ba49b112 - 1710, 2196, 1649, 781, 627
0xadd6805b30ef7187a3b6cdfee4060a3f0c98a248 - 278, 2353, 71, 2051, 705, 981, 2289, 950, 1155, 901
0xadd6805b30ef7187a3b6cdfee4060a3f0c98a248 - 750, 1540, 827, 1684, 164, 1766, 583, 2183, 1894, 1961
0xadd6805b30ef7187a3b6cdfee4060a3f0c98a248 - 1912, 1465, 1179, 842, 2214, 795, 1374, 254, 1261, 1839
0xadd6805b30ef7187a3b6cdfee4060a3f0c98a248 - 411, 2233, 2291, 1849, 2068, 2279, 1879, 1847, 1704, 69
0xadd6805b30ef7187a3b6cdfee4060a3f0c98a248 - 1836, 1068, 1908, 1790, 247, 1042, 1259, 2340, 60, 2041
0xadd6805b30ef7187a3b6cdfee4060a3f0c98a248 - 153, 623, 177, 2237, 1325, 593, 1664, 1896, 23, 5
0xadd6805b30ef7187a3b6cdfee4060a3f0c98a248 - 432, 2078, 2216, 179, 9109, 8102, 7561, 503, 915
0xc40dc42b880b4ea89d7d25b44e7730646f1a453e - 597, 861, 1391, 1693, 1784, 2368
0x7aa2a5cf4c46586fb69e4067462a6a4b59ae4cb0 - 669, 272, 340, 1182, 1544, 1723, 2370
0x17dd8d739608ba385588d747c490f1394dc2fbb9 - 568, 260, 887, 985, 794, 993, 1125, 1169, 1195, 1328
0x17dd8d739608ba385588d747c490f1394dc2fbb9 - 1439, 1492, 1573, 1848, 1903, 1955, 2000, 2047, 160, 2294
0x17dd8d739608ba385588d747c490f1394dc2fbb9 - 158, 72, 2126, 229, 2219, 5774, 5632, 5633
0xc936cb3f9ddb5134f08ef248ed5392a1e17e4bf3 - 864
0x4baf5ac3709e3bd14f71e420456664e6e3b8cbb5 - 264, 356, 395, 537, 641, 856, 1135, 1268, 1311, 1686
0x4baf5ac3709e3bd14f71e420456664e6e3b8cbb5 - 1794, 2125, 2149, 2155, 2248, 13, 65, 231, 509, 575
0x4baf5ac3709e3bd14f71e420456664e6e3b8cbb5 - 1064, 1221, 1423
0xd4e8a881d10382a621948a3e25d2d25be5371317 - 1946
0xf8b30f382450560783b414beaec93f03e762a5d7 - 316, 1235, 1753, 2105, 8965, 507, 303
0xa525f0e47c0e670a5fbc62ad40e84199faf07c90 - 1977
0x66e121b6ef21c0b8dc11606bfa5ff8ae55d0a62b - 1558, 2283
0xe06cc086c3babf8fea8b08e0bacb4030f9ad5740 - 2189, 819, 611, 2217
0x8c09f0d968384e7237c0a3a83ccc08e0bba43a2a - 1062, 1965, 698, 263
0x73bcf72133f9ee42d62545d4410abd448dae48ee - 58
0xd483459b3f5d4cc9390f87f75c7ed4b68bfe1031 - 1012, 1407, 1111, 719, 954
0x0ef06878fec13ae4a92bbbe82d94e9515287df5c - 1995
0xa48d5212a1e47c3f3b6d2f70835ed36ece675bfd - 1117
0x6d187bf0fd2ebed97bf4c64057589f8d92a19ef2 - 694, 531, 763, 2360, 57, 68
0xea2f948a2369c70eb107b4898199bb7c8fb8d2db - 162, 2075, 56, 1576, 1134, 986, 145
0x96fb54b063555e63942f2d90c8766b376411882d - 495, 2343
0xfd72d3a2c07bc690b4e104c07c222604c087fdcf - 2215
0xb4a2a38cca67e13d4ea36ff298bb31835ce9e43f - 2455, 629, 2446, 294, 424, 7355, 280, 126, 352, 8905
0xb4a2a38cca67e13d4ea36ff298bb31835ce9e43f - 8674, 3221, 2505, 2484, 137, 2487, 4
0x0b8500fea99b898cba6327b90098a23f9440e415 - 333, 476, 899, 925, 941, 1320, 1535, 1994, 1999, 2328
0x0b8500fea99b898cba6327b90098a23f9440e415 - 2388, 33
0x9b8d7f5030a7268684cebdbb41ad57b3c03da550 - 322, 409, 519, 575, 678, 2088, 1905, 653, 418, 1674
0x9b8d7f5030a7268684cebdbb41ad57b3c03da550 - 1362, 1756, 2243, 1300, 2129
0x9788395630e5da7c9b864b7c32c2d683327c0e74 - 970, 66, 513, 602, 887, 1207, 5356, 5647, 8405
0x4d0dbd092b0c5d343ce7961cd607495ec44ab11d - 252, 1352, 1414, 1821, 1981, 2026, 2345, 2425, 139, 9537
0x2b49ebceea42a3ed2876d480831edac7a34dd699 - 256, 415, 527, 529, 550, 937, 955, 1054, 1080, 1153
0xc8fd2d906a3a6b402d161e3e1845c7332fd3da56 - 643, 2381
0xd990ef33d359edbb93154a0685972f62ba1f362a - 346
0xa7e0a238f2d9c4971effa7ef41001f3a200fd1a9 - 2146, 2179, 3592, 4261, 220, 20, 63, 65, 357, 443
0xa7e0a238f2d9c4971effa7ef41001f3a200fd1a9 - 433, 389, 394, 302, 337, 252, 387, 383, 238, 177
0xa7e0a238f2d9c4971effa7ef41001f3a200fd1a9 - 17, 16, 2468, 2490, 1757, 400, 368, 361, 315, 309
0xa7e0a238f2d9c4971effa7ef41001f3a200fd1a9 - 270, 206, 196, 193, 163, 135, 118, 83, 2471, 2475
0xa7e0a238f2d9c4971effa7ef41001f3a200fd1a9 - 2472, 14, 200, 13, 71, 198, 423, 38, 399, 264
0xa7e0a238f2d9c4971effa7ef41001f3a200fd1a9 - 2494, 409, 360, 205, 15, 147, 2489, 2477, 146, 173
0xa7e0a238f2d9c4971effa7ef41001f3a200fd1a9 - 411, 2115, 169, 4966, 10795, 3625, 4717, 6206, 6451, 6528
0xa7e0a238f2d9c4971effa7ef41001f3a200fd1a9 - 417, 392, 44, 2482, 2478, 10302, 8895, 7724, 7312, 7255
0xa7e0a238f2d9c4971effa7ef41001f3a200fd1a9 - 223, 255, 6785, 5999, 24, 2470, 2492, 2467
0x15c3d6298743e3115df3794f6da20ec4079d1eee - 302, 2474, 446, 1878, 2310, 2377, 3132, 3967, 4579, 4834
0x15c3d6298743e3115df3794f6da20ec4079d1eee - 5113, 5825, 6125, 6394, 6707, 6856, 7633, 7687, 8505, 8801
0x15c3d6298743e3115df3794f6da20ec4079d1eee - 8834, 728, 401, 668, 717, 748, 870, 2060, 1093, 1225
0x15c3d6298743e3115df3794f6da20ec4079d1eee - 1269, 1381, 1473, 1691, 149
0xadbf145993b6a3b00663b24a8dad3fd97e8114ae - 198, 651, 1703, 1530, 849
0x4f262395cdead58c12f97daaf1b44b1d0215d1c5 - 297, 318, 430, 482, 554, 831, 867, 1029, 2040, 1355
0x4f262395cdead58c12f97daaf1b44b1d0215d1c5 - 2109, 2112, 2127, 2978, 3988, 4793, 5406, 8466, 8780, 9360
0x4f262395cdead58c12f97daaf1b44b1d0215d1c5 - 9669, 9785, 9, 92, 538
0xd4ac53d0a45d1c5484e89d03d5d155c3914aa255 - 466, 334, 1568, 2242
0xf40b846a4c8d157e837e90eb187529795a1d6227 - 460, 2326, 2438, 747, 2200
0xe21b0aa013918cb5bf8c8f534ac045632885093a - 1016, 2093, 2202, 910
0x8312f763a8a339f9979f74214f9b77ef0cced83c - 5492, 924, 1960
0x12ae74f14479f00339a52958e201dcfd035c1d2c - 520, 20, 1940, 8863, 2280, 2077, 1922, 1437, 2013, 2012
0x12ae74f14479f00339a52958e201dcfd035c1d2c - 1577, 135, 214, 1486, 1260, 1605, 1771, 1825, 1003, 1856
0x12ae74f14479f00339a52958e201dcfd035c1d2c - 756, 1214, 894, 1353, 1251, 998, 2100, 1217
0x72e7edf9fa91f9c3628b7390ae0d18eaf3d09a05 - 1627, 2102, 1764, 1230, 2086, 1541, 1650, 100, 1880, 396
0x72e7edf9fa91f9c3628b7390ae0d18eaf3d09a05 - 699, 2018, 708, 1399, 3955, 5487, 10569, 8265
0xf57041b67f874dde17e0a5a7494b1c1bb9d0945a - 1889, 1115, 716, 306, 200, 53

=== Migration Summary ===
Total Migrated Owners: 65
Storage Management Updated: Yes
